100000 18.0
0 32.0
100000 18.0
100000 20.0
100000 24.0
100000 18.0
100000 20.0
0 32.0
100000 20.0
54385 32.0
0 32.0
100000 18.0
100000 24.0
100000 18.0
100000 18.0
100000 20.0
0 32.0
100000 20.0
100000 18.0
100000 20.0
100000 20.0
100000 18.0
100000 18.0
0 32.0
100000 18.0
0 32.0
100000 18.0
100000 24.0
0 32.0
100000 20.0
100000 18.0
100000 20.0
100000 20.0
42 32.0
100000 18.0
100000 20.0
100000 20.0
100000 18.0
100000 20.0
100000 20.0
100000 24.0
100000 18.0
0 32.0
100000 16.0
100000 20.0
100000 20.0
100000 24.0
0 32.0
0 32.0
0 32.0
