0.1 0.2 0.001 10 436.5444444444444 450.84444444444443
0.9 0.304 0.1 10 425.8 469.8888888888889
0.5 0.9 0.1 10 448.4888888888889 450.73333333333335
0.61 0.2 0.1 10 434.3666666666667 451.3888888888889
0.71 0.5 0.001 10 436.3888888888889 479.55555555555554
0.5 0.4 1.0 10 417.3888888888889 466.3666666666667
0.304 0.5 0.001 10 419.52222222222224 450.85555555555555
0.5 0.71 0.1 10 455.0111111111111 466.4
0.9 0.8 0.01 10 442.77777777777777 444.9222222222222
0.71 0.4 0.1 10 439.03333333333336 470.15555555555557
0.8 0.71 0.001 10 456.15555555555557 460.3888888888889
0.304 0.5 0.01 10 450.9555555555556 461.2888888888889
0.4 0.61 0.001 10 425.47777777777776 437.8222222222222
0.61 0.8 0.1 10 434.1333333333333 462.4555555555556
0.1 0.1 0.001 10 464.75555555555553 477.76666666666665
0.61 0.2 0.001 10 413.8 434.03333333333336
0.2 0.2 0.1 10 445.6333333333333 462.3
0.8 0.1 0.01 10 465.65555555555557 466.23333333333335
0.9 0.5 0.1 10 445.3333333333333 486.74444444444447
0.5 0.8 0.1 10 427.5 431.3666666666667
0.71 0.4 1.0 10 421.8888888888889 448.2111111111111
0.2 0.304 0.001 10 455.9222222222222 480.3222222222222
0.5 0.5 0.1 10 416.44444444444446 431.4222222222222
0.71 0.71 0.1 10 441.5444444444444 460.8888888888889
0.2 0.304 0.1 10 441.9222222222222 456.24444444444447
0.2 0.5 0.001 10 416.77777777777777 457.24444444444447
0.61 0.71 1.0 10 422.9 467.56666666666666
0.1 0.8 0.001 10 462.6 469.68888888888887
0.61 0.4 0.001 10 443.5111111111111 455.1
0.9 0.61 0.1 10 454.8777777777778 468.96666666666664
0.8 0.9 0.1 10 449.1 465.53333333333336
0.4 0.4 1.0 10 435.1777777777778 453.1666666666667
0.9 0.71 0.01 10 417.44444444444446 451.24444444444447
0.9 0.304 1.0 10 436.8777777777778 438.1222222222222
0.8 0.304 0.1 10 402.3222222222222 458.93333333333334
0.304 0.61 0.001 10 446.56666666666666 449.31111111111113
0.9 0.71 0.001 10 456.6777777777778 486.1222222222222
0.5 0.8 0.001 10 450.46666666666664 474.2
0.4 0.5 0.001 10 414.97777777777776 460.5111111111111
0.61 0.1 0.001 10 460.3 467.46666666666664
0.61 0.304 0.001 10 434.8 478.9
0.71 0.8 0.01 10 446.94444444444446 464.8
0.61 0.4 0.01 10 442.52222222222224 459.7888888888889
0.71 0.2 1.0 10 423.6333333333333 436.8222222222222
0.304 0.5 1.0 10 458.1333333333333 467.96666666666664
0.2 0.9 1.0 10 448.4222222222222 459.3222222222222
0.9 0.1 0.001 10 456.44444444444446 456.9888888888889
0.4 0.8 1.0 10 439.0888888888889 471.65555555555557
0.5 0.71 0.01 10 438.3666666666667 476.47777777777776
0.61 0.8 0.01 10 450.8333333333333 461.1666666666667
0.304 0.8 0.01 10 427.6777777777778 447.23333333333335
0.9 0.9 0.001 10 441.6333333333333 444.43333333333334
0.9 0.71 1.0 10 405.25555555555553 459.84444444444443
0.1 0.5 0.01 10 413.4555555555556 467.5888888888889
0.2 0.5 0.1 10 469.3888888888889 471.76666666666665
0.1 0.2 1.0 10 469.3888888888889 484.9111111111111
0.9 0.5 1.0 10 436.7111111111111 480.52222222222224
0.2 0.71 0.01 10 424.5888888888889 444.3888888888889
0.2 0.2 1.0 10 431.9888888888889 445.77777777777777
0.304 0.304 0.001 10 450.53333333333336 454.55555555555554
0.2 0.61 0.001 10 445.5 456.4888888888889
0.8 0.1 0.1 10 435.4555555555556 473.47777777777776
0.5 0.61 0.1 10 430.74444444444447 433.74444444444447
0.2 0.9 0.1 10 450.44444444444446 458.56666666666666
0.2 0.8 1.0 10 427.1333333333333 474.46666666666664
0.8 0.61 1.0 10 430.1333333333333 430.23333333333335
0.4 0.61 1.0 10 441.75555555555553 448.6
0.8 0.8 0.001 10 435.0111111111111 462.73333333333335
0.5 0.2 0.001 10 459.8333333333333 468.2111111111111
0.8 0.61 0.01 10 451.6222222222222 486.15555555555557
0.61 0.8 0.001 10 431.8888888888889 461.5777777777778
0.4 0.61 0.1 10 442.72222222222223 443.26666666666665
0.304 0.8 0.1 10 423.2111111111111 455.2
0.71 0.2 0.1 10 424.7 445.5777777777778
0.2 0.9 0.01 10 449.3888888888889 472.85555555555555
0.1 0.4 0.01 10 464.3777777777778 466.14444444444445
0.1 0.5 0.001 10 428.4222222222222 440.23333333333335
0.5 0.5 0.001 10 436.15555555555557 462.6111111111111
0.8 0.4 0.01 10 478.85555555555555 479.76666666666665
0.8 0.304 0.001 10 448.4222222222222 472.1222222222222
0.2 0.1 0.001 10 446.52222222222224 465.5111111111111
0.9 0.2 0.01 10 441.4111111111111 447.06666666666666
0.2 0.61 1.0 10 446.2111111111111 454.22222222222223
0.1 0.61 0.1 10 442.93333333333334 455.9
0.71 0.61 0.01 10 444.85555555555555 453.8666666666667
0.304 0.4 0.01 10 456.6333333333333 463.8888888888889
0.4 0.4 0.001 10 446.5777777777778 450.2
0.8 0.8 0.1 10 438.85555555555555 480.31111111111113
0.4 0.9 0.01 10 404.1666666666667 443.34444444444443
0.4 0.5 0.1 10 439.4 462.94444444444446
0.61 0.61 0.001 10 439.9555555555556 442.47777777777776
0.9 0.71 0.1 10 434.8666666666667 445.24444444444447
0.2 0.1 1.0 10 426.3222222222222 472.65555555555557
0.4 0.71 0.1 10 460.27777777777777 470.8777777777778
0.2 0.8 0.1 10 459.8222222222222 487.43333333333334
0.61 0.5 1.0 10 425.8 443.8777777777778
0.4 0.304 0.001 10 457.3777777777778 466.72222222222223
0.304 0.1 0.01 10 445.74444444444447 483.6666666666667
0.4 0.8 0.01 10 433.52222222222224 480.9111111111111
0.4 0.2 0.01 10 442.0 465.26666666666665
0.5 0.9 1.0 10 468.3333333333333 480.6111111111111
0.71 0.4 0.001 10 455.0111111111111 485.0
0.304 0.9 1.0 10 444.1222222222222 455.53333333333336
0.1 0.9 0.01 10 446.52222222222224 470.72222222222223
0.71 0.2 0.001 10 406.27777777777777 473.0
0.71 0.61 0.1 10 445.4222222222222 468.43333333333334
0.4 0.61 0.01 10 413.73333333333335 449.76666666666665
0.5 0.4 0.001 10 440.55555555555554 489.15555555555557
0.304 0.9 0.001 10 437.6666666666667 466.4888888888889
0.71 0.5 1.0 10 449.74444444444447 492.68888888888887
0.9 0.61 0.01 10 423.3777777777778 467.4222222222222
0.9 0.8 1.0 10 422.6 437.8666666666667
0.9 0.1 0.1 10 427.0777777777778 476.8333333333333
0.304 0.2 1.0 10 447.8777777777778 486.46666666666664
0.1 0.304 0.1 10 452.44444444444446 459.1333333333333
0.8 0.61 0.001 10 437.8333333333333 455.1222222222222
0.2 0.9 0.001 10 459.96666666666664 482.7888888888889
0.1 0.9 0.001 10 454.1333333333333 469.96666666666664
0.5 0.4 0.1 10 439.77777777777777 454.53333333333336
0.61 0.304 1.0 10 476.6333333333333 489.26666666666665
0.304 0.71 0.001 10 438.1777777777778 450.44444444444446
0.9 0.8 0.1 10 429.93333333333334 440.4888888888889
0.5 0.5 1.0 10 425.7888888888889 442.06666666666666
0.8 0.8 0.01 10 466.77777777777777 489.5444444444444
0.4 0.8 0.1 10 454.9555555555556 467.0
0.71 0.9 0.001 10 439.34444444444443 454.14444444444445
0.9 0.4 0.1 10 462.1666666666667 465.9888888888889
0.61 0.9 1.0 10 443.3777777777778 446.15555555555557
0.9 0.4 1.0 10 477.53333333333336 481.6111111111111
0.5 0.8 1.0 10 448.22222222222223 451.9111111111111
0.5 0.1 1.0 10 427.43333333333334 505.77777777777777
0.8 0.71 0.01 10 467.35555555555555 485.6666666666667
0.304 0.1 0.001 10 477.2 500.9888888888889
0.2 0.2 0.001 10 396.0111111111111 476.25555555555553
0.61 0.1 1.0 10 435.8666666666667 483.0888888888889
0.2 0.4 1.0 10 435.47777777777776 478.1666666666667
0.5 0.8 0.01 10 448.25555555555553 461.5888888888889
0.61 0.71 0.01 10 445.9555555555556 492.15555555555557
0.61 0.71 0.001 10 465.0444444444444 482.0
0.2 0.61 0.1 10 420.03333333333336 451.18888888888887
0.5 0.304 0.1 10 459.25555555555553 469.7111111111111
0.71 0.1 0.1 10 429.5 451.0444444444444
0.2 0.1 0.1 10 432.1333333333333 459.5777777777778
0.304 0.8 1.0 10 424.46666666666664 455.7888888888889
0.9 0.9 1.0 10 431.8 467.73333333333335
0.304 0.61 1.0 10 436.1333333333333 451.84444444444443
0.5 0.71 1.0 10 462.5888888888889 471.5444444444444
0.1 0.304 1.0 10 439.22222222222223 466.9555555555556
0.5 0.9 0.01 10 422.3 449.72222222222223
0.304 0.8 0.001 10 447.27777777777777 491.06666666666666
0.4 0.71 0.01 10 424.14444444444445 446.9111111111111
0.9 0.2 0.001 10 437.94444444444446 470.2
0.1 0.71 1.0 10 436.6222222222222 451.3777777777778
0.61 0.8 1.0 10 460.2 466.81111111111113
0.304 0.4 1.0 10 450.06666666666666 459.0888888888889
0.71 0.71 1.0 10 421.85555555555555 458.14444444444445
0.304 0.2 0.001 10 462.6666666666667 484.1222222222222
0.304 0.71 1.0 10 440.6666666666667 472.9555555555556
0.1 0.4 0.1 10 460.7111111111111 463.74444444444447
0.5 0.1 0.01 10 431.46666666666664 467.02222222222224
