0.6000000000000001 0.7000000000000001 0.01 1 453.81111111111113 457.4185185185185
0.1 0.30000000000000004 1.0 1 448.52222222222224 478.05555555555554
0.5 0.7000000000000001 0.1 1 448.4555555555556 465.27037037037036
0.5 0.9 0.1 1 462.22962962962964 464.55555555555554
0.7000000000000001 0.30000000000000004 0.01 1 438.7 469.7
0.4 0.5 0.1 1 443.6148148148148 469.93703703703704
0.5 0.30000000000000004 0.001 1 448.77407407407406 476.8814814814815
0.5 0.30000000000000004 0.01 1 455.24444444444447 464.75925925925924
0.5 0.5 0.1 1 434.4148148148148 474.8666666666667
0.2 0.9 0.01 1 437.2814814814815 460.1333333333333
0.7000000000000001 0.8 0.01 1 440.1777777777778 469.55185185185184
0.8 0.30000000000000004 0.1 1 444.4148148148148 451.23333333333335
0.7000000000000001 0.2 1.0 1 443.3888888888889 465.3814814814815
0.5 0.30000000000000004 0.1 1 459.81851851851854 464.22962962962964
0.8 0.1 0.001 1 443.48148148148147 445.4851851851852
0.8 0.5 0.01 1 455.39629629629627 469.3
0.2 0.8 0.001 1 448.6222222222222 457.93703703703704
0.6000000000000001 0.6000000000000001 1.0 1 454.65555555555557 463.7481481481482
0.8 0.7000000000000001 0.1 1 448.5740740740741 455.8925925925926
0.8 0.5 1.0 1 441.3888888888889 459.1
0.9 0.1 0.001 1 457.81851851851854 479.93333333333334
0.8 0.30000000000000004 0.01 1 467.68518518518516 477.1592592592593
0.30000000000000004 0.8 0.001 1 460.39629629629627 464.6185185185185
0.5 0.4 1.0 1 450.44814814814816 473.962962962963
0.5 0.9 0.001 1 452.2518518518518 464.962962962963
0.7000000000000001 0.8 0.1 1 444.8 456.7148148148148
0.9 0.8 0.01 1 452.8037037037037 462.3037037037037
0.30000000000000004 0.5 0.1 1 470.3037037037037 478.1111111111111
0.30000000000000004 0.7000000000000001 0.001 1 451.44814814814816 472.7925925925926
0.5 0.4 0.001 1 444.7925925925926 475.77037037037036
0.6000000000000001 0.2 0.1 1 464.462962962963 467.56296296296296
0.7000000000000001 0.8 0.001 1 461.7148148148148 462.4592592592593
0.30000000000000004 0.1 1.0 1 457.14444444444445 461.8814814814815
0.7000000000000001 0.5 1.0 1 448.2148148148148 459.9962962962963
0.2 0.4 0.1 1 446.037037037037 475.3851851851852
0.6000000000000001 0.6000000000000001 0.001 1 443.8851851851852 453.4888888888889
0.1 0.7000000000000001 1.0 1 445.48148148148147 449.9
0.6000000000000001 0.2 0.001 1 443.9888888888889 450.1592592592593
0.9 0.4 1.0 1 449.97407407407405 453.44444444444446
0.8 0.7000000000000001 1.0 1 450.1740740740741 462.86296296296297
0.30000000000000004 0.8 0.01 1 442.3703703703704 445.72222222222223
0.1 0.30000000000000004 0.1 1 451.1962962962963 461.6962962962963
0.5 0.4 0.01 1 443.8925925925926 445.3814814814815
0.4 0.8 1.0 1 445.8407407407407 486.2
0.2 0.5 0.1 1 444.3925925925926 459.97407407407405
0.1 0.1 0.01 1 448.8037037037037 461.0962962962963
0.2 0.9 1.0 1 451.5814814814815 452.4259259259259
0.5 0.8 0.01 1 437.1666666666667 462.51851851851853
0.30000000000000004 0.8 1.0 1 446.22962962962964 455.0925925925926
0.5 0.6000000000000001 0.001 1 451.94444444444446 463.8296296296296
0.30000000000000004 0.9 0.1 1 443.1259259259259 454.4074074074074
0.5 0.8 0.001 1 461.23703703703706 465.3925925925926
0.6000000000000001 0.1 0.001 1 443.9259259259259 464.6703703703704
0.6000000000000001 0.2 0.01 1 446.8814814814815 471.35555555555555
0.6000000000000001 0.1 0.1 1 449.44814814814816 456.2481481481482
0.4 0.4 0.01 1 439.72222222222223 462.53333333333336
0.7000000000000001 0.2 0.001 1 447.24444444444447 464.51851851851853
0.5 0.2 1.0 1 463.15555555555557 463.34814814814814
0.2 0.30000000000000004 0.01 1 453.1333333333333 457.68518518518516
0.9 0.30000000000000004 0.01 1 457.6148148148148 461.2148148148148
0.30000000000000004 0.30000000000000004 1.0 1 456.81851851851854 461.1703703703704
0.2 0.5 0.001 1 445.5037037037037 470.8851851851852
0.1 0.4 0.1 1 454.52592592592595 455.27407407407406
0.4 0.30000000000000004 0.01 1 447.35185185185185 455.9962962962963
0.2 0.7000000000000001 0.1 1 453.36296296296297 463.0851851851852
0.2 0.2 0.01 1 466.1703703703704 471.537037037037
0.9 0.1 0.1 1 442.4037037037037 444.74444444444447
0.6000000000000001 0.30000000000000004 0.001 1 447.25925925925924 474.0111111111111
0.9 0.9 0.01 1 452.81851851851854 469.07037037037037
0.5 0.2 0.001 1 466.22222222222223 470.74074074074076
0.1 0.4 0.001 1 457.35185185185185 457.7925925925926
0.30000000000000004 0.7000000000000001 1.0 1 441.0074074074074 450.8407407407407
0.8 0.5 0.001 1 467.93333333333334 472.4037037037037
0.8 0.6000000000000001 0.01 1 431.3740740740741 471.98148148148147
0.2 0.30000000000000004 1.0 1 439.0444444444444 445.06296296296296
0.1 0.7000000000000001 0.01 1 440.4555555555556 446.7888888888889
0.8 0.4 0.1 1 449.1259259259259 457.44444444444446
0.6000000000000001 0.6000000000000001 0.01 1 467.1666666666667 467.5074074074074
0.1 0.6000000000000001 0.001 1 449.0814814814815 453.4
0.4 0.9 0.1 1 432.5962962962963 458.7111111111111
0.1 0.9 1.0 1 456.8814814814815 470.74074074074076
0.8 0.6000000000000001 0.001 1 429.8851851851852 464.06666666666666
0.7000000000000001 0.1 1.0 1 455.0777777777778 464.98148148148147
0.1 0.2 1.0 1 432.1148148148148 440.3777777777778
0.8 0.9 0.1 1 450.73703703703706 464.26666666666665
0.9 0.4 0.01 1 445.2481481481482 485.43703703703704
0.7000000000000001 0.4 0.1 1 455.9592592592593 461.26666666666665
0.30000000000000004 0.4 1.0 1 435.64444444444445 448.05555555555554
0.1 0.2 0.01 1 452.02962962962965 453.35555555555555
0.30000000000000004 0.8 0.1 1 460.18518518518516 462.3740740740741
0.6000000000000001 0.7000000000000001 1.0 1 443.8814814814815 464.4148148148148
0.30000000000000004 0.6000000000000001 0.01 1 443.54814814814813 458.9962962962963
0.8 0.6000000000000001 1.0 1 441.9074074074074 470.74444444444447
0.5 0.30000000000000004 1.0 1 455.0740740740741 466.1740740740741
0.4 0.4 1.0 1 451.65185185185186 458.01851851851853
0.6000000000000001 0.4 0.001 1 459.68518518518516 468.93333333333334
0.9 0.5 1.0 1 434.3851851851852 442.72962962962964
0.4 0.30000000000000004 0.001 1 450.1222222222222 457.86296296296297
0.6000000000000001 0.30000000000000004 1.0 1 450.2925925925926 452.97037037037035
0.9 0.1 0.01 1 439.3259259259259 454.9851851851852
0.6000000000000001 0.8 0.1 1 456.662962962963 471.5925925925926
0.2 0.8 0.1 1 444.5111111111111 450.02962962962965
0.1 0.9 0.1 1 442.8703703703704 464.3074074074074
0.7000000000000001 0.6000000000000001 0.01 1 459.43333333333334 475.537037037037
0.30000000000000004 0.7000000000000001 0.1 1 461.7037037037037 472.6185185185185
0.2 0.6000000000000001 0.001 1 457.5444444444444 472.02592592592595
0.4 0.30000000000000004 1.0 1 445.9555555555556 471.5777777777778
0.30000000000000004 0.6000000000000001 1.0 1 450.0037037037037 487.31111111111113
0.6000000000000001 0.30000000000000004 0.01 1 455.54814814814813 480.14814814814815
0.30000000000000004 0.30000000000000004 0.001 1 459.1592592592593 477.52592592592595
0.7000000000000001 0.9 0.001 1 451.0407407407407 460.5962962962963
0.5 0.7000000000000001 1.0 1 459.42962962962963 466.06296296296296
0.9 0.30000000000000004 0.1 1 439.72962962962964 450.63703703703703
0.6000000000000001 0.4 0.01 1 432.3888888888889 452.14814814814815
0.4 0.1 0.01 1 441.9259259259259 455.2185185185185
0.6000000000000001 0.9 0.01 1 460.97037037037035 470.6740740740741
0.1 0.8 0.001 1 437.662962962963 465.36296296296297
0.7000000000000001 0.4 1.0 1 451.7148148148148 468.0925925925926
0.4 0.1 1.0 1 442.22222222222223 446.05185185185184
0.4 0.8 0.1 1 437.0444444444444 439.5851851851852
0.30000000000000004 0.4 0.1 1 455.1185185185185 462.06666666666666
0.7000000000000001 0.4 0.001 1 436.57037037037037 452.31481481481484
0.1 0.2 0.1 1 450.0777777777778 454.84444444444443
0.9 0.4 0.1 1 441.0407407407407 474.22222222222223
0.9 0.7000000000000001 0.001 1 442.27777777777777 461.95185185185187
0.1 0.9 0.01 1 450.65555555555557 475.5148148148148
0.6000000000000001 0.4 0.1 1 436.0851851851852 466.55555555555554
0.1 0.5 0.01 1 446.24444444444447 466.93703703703704
0.9 0.5 0.001 1 449.3888888888889 460.3925925925926
0.8 0.4 0.01 1 441.9148148148148 470.72222222222223
0.1 0.8 1.0 1 454.9037037037037 477.31111111111113
0.2 0.1 1.0 1 440.54814814814813 458.8851851851852
0.9 0.6000000000000001 1.0 1 461.15185185185186 467.06666666666666
0.6000000000000001 0.9 0.001 1 457.7518518518518 464.18148148148146
0.2 0.6000000000000001 0.1 1 456.43703703703704 458.7518518518518
0.4 0.4 0.001 1 447.662962962963 449.18518518518516
0.9 0.2 1.0 1 441.89629629629627 455.4074074074074
0.6000000000000001 0.8 0.001 1 462.18888888888887 468.7481481481482
0.5 0.6000000000000001 1.0 1 447.6111111111111 464.0444444444444
0.4 0.6000000000000001 0.01 1 461.27777777777777 466.35185185185185
0.5 0.1 0.1 1 436.31481481481484 463.64814814814815
0.9 0.9 0.1 1 445.2814814814815 475.8222222222222
0.4 0.7000000000000001 0.1 1 440.1259259259259 443.1740740740741
0.1 0.1 1.0 1 451.27407407407406 462.06666666666666
0.2 0.7000000000000001 0.001 1 445.27407407407406 459.6296296296296
0.2 0.4 0.01 1 445.77407407407406 454.74444444444447
0.4 0.8 0.01 1 447.0444444444444 447.4185185185185
0.1 0.6000000000000001 1.0 1 458.0 458.68148148148146
0.6000000000000001 0.5 0.1 1 454.6333333333333 461.5
0.4 0.8 0.001 1 445.0851851851852 454.6925925925926
0.30000000000000004 0.4 0.01 1 458.5962962962963 459.8777777777778
0.5 0.5 1.0 1 414.85555555555555 459.22222222222223
0.1 0.5 0.1 1 438.2 444.337037037037
0.30000000000000004 0.5 1.0 1 454.7888888888889 458.56666666666666
0.5 0.7000000000000001 0.01 1 439.23703703703706 455.97407407407405
0.7000000000000001 0.9 0.1 1 464.03333333333336 465.52962962962965
0.30000000000000004 0.2 1.0 1 450.3814814814815 456.5888888888889
0.4 0.2 1.0 1 432.0037037037037 435.3740740740741
0.8 0.1 0.1 1 449.26666666666665 449.4925925925926
0.8 0.7000000000000001 0.01 1 432.81481481481484 458.4925925925926
0.7000000000000001 0.5 0.1 1 434.0962962962963 456.73333333333335
0.8 0.8 0.001 1 447.48148148148147 453.13703703703703
0.7000000000000001 0.1 0.1 1 450.9 463.02222222222224
0.7000000000000001 0.30000000000000004 1.0 1 453.1703703703704 456.8777777777778
0.4 0.30000000000000004 0.1 1 451.75555555555553 457.9555555555556
0.2 0.6000000000000001 1.0 1 453.8259259259259 469.2037037037037
